T [K] - Wyniki	P [W] - Wyniki	T [K] - Krzywa dopasowania	P [W] - Krzywa dopasowania	
1534,38	0,000637894	1534,38	0,00063134	
2008,37	0,00184363	1535,38	0,000632976	
2353,25	0,00345142	1536,38	0,000634614	
2634,24	0,00539722	1537,38	0,000636256	
2875,63	0,00764281	1538,38	0,0006379	
3089,51	0,0101618	1539,38	0,000639548	
3282,94	0,0129345	1540,38	0,000641199	
3460,41	0,0159453	1541,38	0,000642853	
		1542,38	0,000644511	
		1543,38	0,000646171	
		1544,38	0,000647835	
		1545,38	0,000649502	
		1546,38	0,000651173	
		1547,38	0,000652846	
		1548,38	0,000654523	
		1549,38	0,000656203	
		1550,38	0,000657886	
		1551,38	0,000659572	
		1552,38	0,000661262	
		1553,38	0,000662954	
		1554,38	0,00066465	
		1555,38	0,00066635	
		1556,38	0,000668052	
		1557,38	0,000669758	
		1558,38	0,000671467	
		1559,38	0,000673179	
		1560,38	0,000674895	
		1561,38	0,000676614	
		1562,38	0,000678336	
		1563,38	0,000680061	
		1564,38	0,00068179	
		1565,38	0,000683522	
		1566,38	0,000685257	
		1567,38	0,000686996	
		1568,38	0,000688738	
		1569,38	0,000690483	
		1570,38	0,000692231	
		1571,38	0,000693983	
		1572,38	0,000695738	
		1573,38	0,000697496	
		1574,38	0,000699258	
		1575,38	0,000701023	
		1576,38	0,000702791	
		1577,38	0,000704563	
		1578,38	0,000706338	
		1579,38	0,000708117	
		1580,38	0,000709898	
		1581,38	0,000711683	
		1582,38	0,000713472	
		1583,38	0,000715264	
		1584,38	0,000717059	
		1585,38	0,000718857	
		1586,38	0,000720659	
		1587,38	0,000722464	
		1588,38	0,000724273	
		1589,38	0,000726085	
		1590,38	0,000727901	
		1591,38	0,000729719	
		1592,38	0,000731542	
		1593,38	0,000733367	
		1594,38	0,000735196	
		1595,38	0,000737029	
		1596,38	0,000738865	
		1597,38	0,000740704	
		1598,38	0,000742547	
		1599,38	0,000744393	
		1600,38	0,000746242	
		1601,38	0,000748095	
		1602,38	0,000749952	
		1603,38	0,000751812	
		1604,38	0,000753675	
		1605,38	0,000755542	
		1606,38	0,000757412	
		1607,38	0,000759286	
		1608,38	0,000761163	
		1609,38	0,000763043	
		1610,38	0,000764928	
		1611,38	0,000766815	
		1612,38	0,000768706	
		1613,38	0,000770601	
		1614,38	0,000772499	
		1615,38	0,0007744	
		1616,38	0,000776305	
		1617,38	0,000778214	
		1618,38	0,000780126	
		1619,38	0,000782042	
		1620,38	0,000783961	
		1621,38	0,000785883	
		1622,38	0,000787809	
		1623,38	0,000789739	
		1624,38	0,000791672	
		1625,38	0,000793609	
		1626,38	0,000795549	
		1627,38	0,000797493	
		1628,38	0,000799441	
		1629,38	0,000801391	
		1630,38	0,000803346	
		1631,38	0,000805304	
		1632,38	0,000807266	
		1633,38	0,000809231	
		1634,38	0,0008112	
		1635,38	0,000813172	
		1636,38	0,000815148	
		1637,38	0,000817127	
		1638,38	0,000819111	
		1639,38	0,000821097	
		1640,38	0,000823088	
		1641,38	0,000825082	
		1642,38	0,000827079	
		1643,38	0,00082908	
		1644,38	0,000831085	
		1645,38	0,000833093	
		1646,38	0,000835105	
		1647,38	0,000837121	
		1648,38	0,00083914	
		1649,38	0,000841163	
		1650,38	0,00084319	
		1651,38	0,00084522	
		1652,38	0,000847254	
		1653,38	0,000849292	
		1654,38	0,000851333	
		1655,38	0,000853378	
		1656,38	0,000855426	
		1657,38	0,000857479	
		1658,38	0,000859534	
		1659,38	0,000861594	
		1660,38	0,000863657	
		1661,38	0,000865724	
		1662,38	0,000867795	
		1663,38	0,000869869	
		1664,38	0,000871948	
		1665,38	0,000874029	
		1666,38	0,000876115	
		1667,38	0,000878204	
		1668,38	0,000880297	
		1669,38	0,000882394	
		1670,38	0,000884494	
		1671,38	0,000886598	
		1672,38	0,000888706	
		1673,38	0,000890818	
		1674,38	0,000892933	
		1675,38	0,000895053	
		1676,38	0,000897175	
		1677,38	0,000899302	
		1678,38	0,000901433	
		1679,38	0,000903567	
		1680,38	0,000905705	
		1681,38	0,000907847	
		1682,38	0,000909992	
		1683,38	0,000912142	
		1684,38	0,000914295	
		1685,38	0,000916452	
		1686,38	0,000918613	
		1687,38	0,000920777	
		1688,38	0,000922946	
		1689,38	0,000925118	
		1690,38	0,000927294	
		1691,38	0,000929474	
		1692,38	0,000931657	
		1693,38	0,000933845	
		1694,38	0,000936036	
		1695,38	0,000938231	
		1696,38	0,000940431	
		1697,38	0,000942633	
		1698,38	0,00094484	
		1699,38	0,000947051	
		1700,38	0,000949265	
		1701,38	0,000951484	
		1702,38	0,000953706	
		1703,38	0,000955932	
		1704,38	0,000958162	
		1705,38	0,000960396	
		1706,38	0,000962634	
		1707,38	0,000964876	
		1708,38	0,000967121	
		1709,38	0,000969371	
		1710,38	0,000971624	
		1711,38	0,000973882	
		1712,38	0,000976143	
		1713,38	0,000978408	
		1714,38	0,000980677	
		1715,38	0,00098295	
		1716,38	0,000985227	
		1717,38	0,000987508	
		1718,38	0,000989793	
		1719,38	0,000992082	
		1720,38	0,000994375	
		1721,38	0,000996671	
		1722,38	0,000998972	
		1723,38	0,00100128	
		1724,38	0,00100359	
		1725,38	0,0010059	
		1726,38	0,00100821	
		1727,38	0,00101054	
		1728,38	0,00101286	
		1729,38	0,00101519	
		1730,38	0,00101752	
		1731,38	0,00101986	
		1732,38	0,0010222	
		1733,38	0,00102454	
		1734,38	0,00102689	
		1735,38	0,00102924	
		1736,38	0,0010316	
		1737,38	0,00103396	
		1738,38	0,00103633	
		1739,38	0,0010387	
		1740,38	0,00104107	
		1741,38	0,00104345	
		1742,38	0,00104583	
		1743,38	0,00104821	
		1744,38	0,0010506	
		1745,38	0,00105299	
		1746,38	0,00105539	
		1747,38	0,00105779	
		1748,38	0,0010602	
		1749,38	0,00106261	
		1750,38	0,00106502	
		1751,38	0,00106744	
		1752,38	0,00106986	
		1753,38	0,00107229	
		1754,38	0,00107472	
		1755,38	0,00107715	
		1756,38	0,00107959	
		1757,38	0,00108203	
		1758,38	0,00108448	
		1759,38	0,00108693	
		1760,38	0,00108938	
		1761,38	0,00109184	
		1762,38	0,00109431	
		1763,38	0,00109677	
		1764,38	0,00109924	
		1765,38	0,00110172	
		1766,38	0,0011042	
		1767,38	0,00110668	
		1768,38	0,00110917	
		1769,38	0,00111166	
		1770,38	0,00111416	
		1771,38	0,00111666	
		1772,38	0,00111917	
		1773,38	0,00112168	
		1774,38	0,00112419	
		1775,38	0,00112671	
		1776,38	0,00112923	
		1777,38	0,00113175	
		1778,38	0,00113428	
		1779,38	0,00113682	
		1780,38	0,00113936	
		1781,38	0,0011419	
		1782,38	0,00114445	
		1783,38	0,001147	
		1784,38	0,00114955	
		1785,38	0,00115211	
		1786,38	0,00115468	
		1787,38	0,00115725	
		1788,38	0,00115982	
		1789,38	0,0011624	
		1790,38	0,00116498	
		1791,38	0,00116756	
		1792,38	0,00117015	
		1793,38	0,00117275	
		1794,38	0,00117535	
		1795,38	0,00117795	
		1796,38	0,00118056	
		1797,38	0,00118317	
		1798,38	0,00118578	
		1799,38	0,0011884	
		1800,38	0,00119103	
		1801,38	0,00119366	
		1802,38	0,00119629	
		1803,38	0,00119893	
		1804,38	0,00120157	
		1805,38	0,00120421	
		1806,38	0,00120686	
		1807,38	0,00120952	
		1808,38	0,00121218	
		1809,38	0,00121484	
		1810,38	0,00121751	
		1811,38	0,00122018	
		1812,38	0,00122286	
		1813,38	0,00122554	
		1814,38	0,00122822	
		1815,38	0,00123091	
		1816,38	0,00123361	
		1817,38	0,00123631	
		1818,38	0,00123901	
		1819,38	0,00124172	
		1820,38	0,00124443	
		1821,38	0,00124715	
		1822,38	0,00124987	
		1823,38	0,00125259	
		1824,38	0,00125532	
		1825,38	0,00125806	
		1826,38	0,00126079	
		1827,38	0,00126354	
		1828,38	0,00126628	
		1829,38	0,00126904	
		1830,38	0,00127179	
		1831,38	0,00127455	
		1832,38	0,00127732	
		1833,38	0,00128009	
		1834,38	0,00128286	
		1835,38	0,00128564	
		1836,38	0,00128842	
		1837,38	0,00129121	
		1838,38	0,001294	
		1839,38	0,0012968	
		1840,38	0,0012996	
		1841,38	0,00130241	
		1842,38	0,00130522	
		1843,38	0,00130803	
		1844,38	0,00131085	
		1845,38	0,00131368	
		1846,38	0,00131651	
		1847,38	0,00131934	
		1848,38	0,00132218	
		1849,38	0,00132502	
		1850,38	0,00132787	
		1851,38	0,00133072	
		1852,38	0,00133357	
		1853,38	0,00133643	
		1854,38	0,0013393	
		1855,38	0,00134217	
		1856,38	0,00134504	
		1857,38	0,00134792	
		1858,38	0,00135081	
		1859,38	0,00135369	
		1860,38	0,00135659	
		1861,38	0,00135948	
		1862,38	0,00136239	
		1863,38	0,00136529	
		1864,38	0,0013682	
		1865,38	0,00137112	
		1866,38	0,00137404	
		1867,38	0,00137697	
		1868,38	0,0013799	
		1869,38	0,00138283	
		1870,38	0,00138577	
		1871,38	0,00138871	
		1872,38	0,00139166	
		1873,38	0,00139462	
		1874,38	0,00139757	
		1875,38	0,00140054	
		1876,38	0,0014035	
		1877,38	0,00140648	
		1878,38	0,00140945	
		1879,38	0,00141243	
		1880,38	0,00141542	
		1881,38	0,00141841	
		1882,38	0,00142141	
		1883,38	0,00142441	
		1884,38	0,00142741	
		1885,38	0,00143042	
		1886,38	0,00143344	
		1887,38	0,00143645	
		1888,38	0,00143948	
		1889,38	0,00144251	
		1890,38	0,00144554	
		1891,38	0,00144858	
		1892,38	0,00145162	
		1893,38	0,00145467	
		1894,38	0,00145772	
		1895,38	0,00146078	
		1896,38	0,00146384	
		1897,38	0,00146691	
		1898,38	0,00146998	
		1899,38	0,00147306	
		1900,38	0,00147614	
		1901,38	0,00147923	
		1902,38	0,00148232	
		1903,38	0,00148541	
		1904,38	0,00148851	
		1905,38	0,00149162	
		1906,38	0,00149473	
		1907,38	0,00149785	
		1908,38	0,00150097	
		1909,38	0,00150409	
		1910,38	0,00150722	
		1911,38	0,00151036	
		1912,38	0,0015135	
		1913,38	0,00151664	
		1914,38	0,00151979	
		1915,38	0,00152294	
		1916,38	0,0015261	
		1917,38	0,00152927	
		1918,38	0,00153244	
		1919,38	0,00153561	
		1920,38	0,00153879	
		1921,38	0,00154197	
		1922,38	0,00154516	
		1923,38	0,00154836	
		1924,38	0,00155155	
		1925,38	0,00155476	
		1926,38	0,00155797	
		1927,38	0,00156118	
		1928,38	0,0015644	
		1929,38	0,00156762	
		1930,38	0,00157085	
		1931,38	0,00157408	
		1932,38	0,00157732	
		1933,38	0,00158056	
		1934,38	0,00158381	
		1935,38	0,00158707	
		1936,38	0,00159032	
		1937,38	0,00159359	
		1938,38	0,00159686	
		1939,38	0,00160013	
		1940,38	0,00160341	
		1941,38	0,00160669	
		1942,38	0,00160998	
		1943,38	0,00161327	
		1944,38	0,00161657	
		1945,38	0,00161987	
		1946,38	0,00162318	
		1947,38	0,0016265	
		1948,38	0,00162981	
		1949,38	0,00163314	
		1950,38	0,00163647	
		1951,38	0,0016398	
		1952,38	0,00164314	
		1953,38	0,00164648	
		1954,38	0,00164983	
		1955,38	0,00165319	
		1956,38	0,00165654	
		1957,38	0,00165991	
		1958,38	0,00166328	
		1959,38	0,00166665	
		1960,38	0,00167003	
		1961,38	0,00167342	
		1962,38	0,00167681	
		1963,38	0,0016802	
		1964,38	0,0016836	
		1965,38	0,00168701	
		1966,38	0,00169042	
		1967,38	0,00169383	
		1968,38	0,00169725	
		1969,38	0,00170068	
		1970,38	0,00170411	
		1971,38	0,00170755	
		1972,38	0,00171099	
		1973,38	0,00171444	
		1974,38	0,00171789	
		1975,38	0,00172135	
		1976,38	0,00172481	
		1977,38	0,00172827	
		1978,38	0,00173175	
		1979,38	0,00173523	
		1980,38	0,00173871	
		1981,38	0,0017422	
		1982,38	0,00174569	
		1983,38	0,00174919	
		1984,38	0,00175269	
		1985,38	0,0017562	
		1986,38	0,00175972	
		1987,38	0,00176324	
		1988,38	0,00176676	
		1989,38	0,00177029	
		1990,38	0,00177383	
		1991,38	0,00177737	
		1992,38	0,00178092	
		1993,38	0,00178447	
		1994,38	0,00178802	
		1995,38	0,00179159	
		1996,38	0,00179515	
		1997,38	0,00179873	
		1998,38	0,0018023	
		1999,38	0,00180589	
		2000,38	0,00180948	
		2001,38	0,00181307	
		2002,38	0,00181667	
		2003,38	0,00182027	
		2004,38	0,00182388	
		2005,38	0,0018275	
		2006,38	0,00183112	
		2007,38	0,00183475	
		2008,38	0,00183838	
		2009,38	0,00184201	
		2010,38	0,00184566	
		2011,38	0,0018493	
		2012,38	0,00185296	
		2013,38	0,00185662	
		2014,38	0,00186028	
		2015,38	0,00186395	
		2016,38	0,00186762	
		2017,38	0,0018713	
		2018,38	0,00187499	
		2019,38	0,00187868	
		2020,38	0,00188238	
		2021,38	0,00188608	
		2022,38	0,00188978	
		2023,38	0,0018935	
		2024,38	0,00189722	
		2025,38	0,00190094	
		2026,38	0,00190467	
		2027,38	0,0019084	
		2028,38	0,00191214	
		2029,38	0,00191589	
		2030,38	0,00191964	
		2031,38	0,0019234	
		2032,38	0,00192716	
		2033,38	0,00193092	
		2034,38	0,0019347	
		2035,38	0,00193848	
		2036,38	0,00194226	
		2037,38	0,00194605	
		2038,38	0,00194984	
		2039,38	0,00195365	
		2040,38	0,00195745	
		2041,38	0,00196126	
		2042,38	0,00196508	
		2043,38	0,0019689	
		2044,38	0,00197273	
		2045,38	0,00197656	
		2046,38	0,0019804	
		2047,38	0,00198425	
		2048,38	0,0019881	
		2049,38	0,00199196	
		2050,38	0,00199582	
		2051,38	0,00199969	
		2052,38	0,00200356	
		2053,38	0,00200744	
		2054,38	0,00201132	
		2055,38	0,00201521	
		2056,38	0,00201911	
		2057,38	0,00202301	
		2058,38	0,00202691	
		2059,38	0,00203083	
		2060,38	0,00203474	
		2061,38	0,00203867	
		2062,38	0,0020426	
		2063,38	0,00204653	
		2064,38	0,00205047	
		2065,38	0,00205442	
		2066,38	0,00205837	
		2067,38	0,00206233	
		2068,38	0,00206629	
		2069,38	0,00207026	
		2070,38	0,00207424	
		2071,38	0,00207822	
		2072,38	0,0020822	
		2073,38	0,00208619	
		2074,38	0,00209019	
		2075,38	0,0020942	
		2076,38	0,0020982	
		2077,38	0,00210222	
		2078,38	0,00210624	
		2079,38	0,00211027	
		2080,38	0,0021143	
		2081,38	0,00211834	
		2082,38	0,00212238	
		2083,38	0,00212643	
		2084,38	0,00213048	
		2085,38	0,00213455	
		2086,38	0,00213861	
		2087,38	0,00214268	
		2088,38	0,00214676	
		2089,38	0,00215085	
		2090,38	0,00215494	
		2091,38	0,00215903	
		2092,38	0,00216313	
		2093,38	0,00216724	
		2094,38	0,00217136	
		2095,38	0,00217547	
		2096,38	0,0021796	
		2097,38	0,00218373	
		2098,38	0,00218787	
		2099,38	0,00219201	
		2100,38	0,00219616	
		2101,38	0,00220031	
		2102,38	0,00220447	
		2103,38	0,00220864	
		2104,38	0,00221281	
		2105,38	0,00221699	
		2106,38	0,00222117	
		2107,38	0,00222536	
		2108,38	0,00222956	
		2109,38	0,00223376	
		2110,38	0,00223796	
		2111,38	0,00224218	
		2112,38	0,0022464	
		2113,38	0,00225062	
		2114,38	0,00225485	
		2115,38	0,00225909	
		2116,38	0,00226333	
		2117,38	0,00226758	
		2118,38	0,00227184	
		2119,38	0,0022761	
		2120,38	0,00228036	
		2121,38	0,00228464	
		2122,38	0,00228892	
		2123,38	0,0022932	
		2124,38	0,00229749	
		2125,38	0,00230179	
		2126,38	0,00230609	
		2127,38	0,0023104	
		2128,38	0,00231471	
		2129,38	0,00231904	
		2130,38	0,00232336	
		2131,38	0,00232769	
		2132,38	0,00233203	
		2133,38	0,00233638	
		2134,38	0,00234073	
		2135,38	0,00234509	
		2136,38	0,00234945	
		2137,38	0,00235382	
		2138,38	0,00235819	
		2139,38	0,00236258	
		2140,38	0,00236696	
		2141,38	0,00237136	
		2142,38	0,00237576	
		2143,38	0,00238016	
		2144,38	0,00238457	
		2145,38	0,00238899	
		2146,38	0,00239342	
		2147,38	0,00239785	
		2148,38	0,00240228	
		2149,38	0,00240673	
		2150,38	0,00241117	
		2151,38	0,00241563	
		2152,38	0,00242009	
		2153,38	0,00242456	
		2154,38	0,00242903	
		2155,38	0,00243351	
		2156,38	0,002438	
		2157,38	0,00244249	
		2158,38	0,00244699	
		2159,38	0,00245149	
		2160,38	0,002456	
		2161,38	0,00246052	
		2162,38	0,00246504	
		2163,38	0,00246957	
		2164,38	0,0024741	
		2165,38	0,00247864	
		2166,38	0,00248319	
		2167,38	0,00248775	
		2168,38	0,00249231	
		2169,38	0,00249687	
		2170,38	0,00250145	
		2171,38	0,00250602	
		2172,38	0,00251061	
		2173,38	0,0025152	
		2174,38	0,0025198	
		2175,38	0,0025244	
		2176,38	0,00252901	
		2177,38	0,00253363	
		2178,38	0,00253825	
		2179,38	0,00254288	
		2180,38	0,00254752	
		2181,38	0,00255216	
		2182,38	0,00255681	
		2183,38	0,00256146	
		2184,38	0,00256612	
		2185,38	0,00257079	
		2186,38	0,00257546	
		2187,38	0,00258014	
		2188,38	0,00258483	
		2189,38	0,00258952	
		2190,38	0,00259422	
		2191,38	0,00259893	
		2192,38	0,00260364	
		2193,38	0,00260836	
		2194,38	0,00261308	
		2195,38	0,00261781	
		2196,38	0,00262255	
		2197,38	0,00262729	
		2198,38	0,00263205	
		2199,38	0,0026368	
		2200,38	0,00264156	
		2201,38	0,00264633	
		2202,38	0,00265111	
		2203,38	0,00265589	
		2204,38	0,00266068	
		2205,38	0,00266548	
		2206,38	0,00267028	
		2207,38	0,00267509	
		2208,38	0,0026799	
		2209,38	0,00268472	
		2210,38	0,00268955	
		2211,38	0,00269438	
		2212,38	0,00269922	
		2213,38	0,00270407	
		2214,38	0,00270893	
		2215,38	0,00271379	
		2216,38	0,00271865	
		2217,38	0,00272353	
		2218,38	0,00272841	
		2219,38	0,00273329	
		2220,38	0,00273818	
		2221,38	0,00274308	
		2222,38	0,00274799	
		2223,38	0,0027529	
		2224,38	0,00275782	
		2225,38	0,00276275	
		2226,38	0,00276768	
		2227,38	0,00277262	
		2228,38	0,00277756	
		2229,38	0,00278252	
		2230,38	0,00278747	
		2231,38	0,00279244	
		2232,38	0,00279741	
		2233,38	0,00280239	
		2234,38	0,00280737	
		2235,38	0,00281237	
		2236,38	0,00281736	
		2237,38	0,00282237	
		2238,38	0,00282738	
		2239,38	0,0028324	
		2240,38	0,00283742	
		2241,38	0,00284246	
		2242,38	0,00284749	
		2243,38	0,00285254	
		2244,38	0,00285759	
		2245,38	0,00286265	
		2246,38	0,00286771	
		2247,38	0,00287279	
		2248,38	0,00287786	
		2249,38	0,00288295	
		2250,38	0,00288804	
		2251,38	0,00289314	
		2252,38	0,00289825	
		2253,38	0,00290336	
		2254,38	0,00290848	
		2255,38	0,0029136	
		2256,38	0,00291873	
		2257,38	0,00292387	
		2258,38	0,00292902	
		2259,38	0,00293417	
		2260,38	0,00293933	
		2261,38	0,0029445	
		2262,38	0,00294967	
		2263,38	0,00295485	
		2264,38	0,00296004	
		2265,38	0,00296523	
		2266,38	0,00297043	
		2267,38	0,00297564	
		2268,38	0,00298085	
		2269,38	0,00298607	
		2270,38	0,0029913	
		2271,38	0,00299653	
		2272,38	0,00300177	
		2273,38	0,00300702	
		2274,38	0,00301228	
		2275,38	0,00301754	
		2276,38	0,00302281	
		2277,38	0,00302808	
		2278,38	0,00303337	
		2279,38	0,00303865	
		2280,38	0,00304395	
		2281,38	0,00304925	
		2282,38	0,00305456	
		2283,38	0,00305988	
		2284,38	0,0030652	
		2285,38	0,00307054	
		2286,38	0,00307587	
		2287,38	0,00308122	
		2288,38	0,00308657	
		2289,38	0,00309193	
		2290,38	0,00309729	
		2291,38	0,00310267	
		2292,38	0,00310804	
		2293,38	0,00311343	
		2294,38	0,00311882	
		2295,38	0,00312423	
		2296,38	0,00312963	
		2297,38	0,00313505	
		2298,38	0,00314047	
		2299,38	0,0031459	
		2300,38	0,00315133	
		2301,38	0,00315677	
		2302,38	0,00316222	
		2303,38	0,00316768	
		2304,38	0,00317314	
		2305,38	0,00317861	
		2306,38	0,00318409	
		2307,38	0,00318958	
		2308,38	0,00319507	
		2309,38	0,00320057	
		2310,38	0,00320607	
		2311,38	0,00321159	
		2312,38	0,00321711	
		2313,38	0,00322263	
		2314,38	0,00322817	
		2315,38	0,00323371	
		2316,38	0,00323926	
		2317,38	0,00324481	
		2318,38	0,00325038	
		2319,38	0,00325595	
		2320,38	0,00326152	
		2321,38	0,00326711	
		2322,38	0,0032727	
		2323,38	0,0032783	
		2324,38	0,0032839	
		2325,38	0,00328951	
		2326,38	0,00329513	
		2327,38	0,00330076	
		2328,38	0,0033064	
		2329,38	0,00331204	
		2330,38	0,00331769	
		2331,38	0,00332334	
		2332,38	0,003329	
		2333,38	0,00333467	
		2334,38	0,00334035	
		2335,38	0,00334604	
		2336,38	0,00335173	
		2337,38	0,00335743	
		2338,38	0,00336313	
		2339,38	0,00336885	
		2340,38	0,00337457	
		2341,38	0,0033803	
		2342,38	0,00338603	
		2343,38	0,00339178	
		2344,38	0,00339753	
		2345,38	0,00340328	
		2346,38	0,00340905	
		2347,38	0,00341482	
		2348,38	0,0034206	
		2349,38	0,00342639	
		2350,38	0,00343218	
		2351,38	0,00343798	
		2352,38	0,00344379	
		2353,38	0,00344961	
		2354,38	0,00345543	
		2355,38	0,00346126	
		2356,38	0,0034671	
		2357,38	0,00347294	
		2358,38	0,0034788	
		2359,38	0,00348466	
		2360,38	0,00349052	
		2361,38	0,0034964	
		2362,38	0,00350228	
		2363,38	0,00350817	
		2364,38	0,00351407	
		2365,38	0,00351997	
		2366,38	0,00352588	
		2367,38	0,0035318	
		2368,38	0,00353773	
		2369,38	0,00354366	
		2370,38	0,00354961	
		2371,38	0,00355555	
		2372,38	0,00356151	
		2373,38	0,00356747	
		2374,38	0,00357345	
		2375,38	0,00357943	
		2376,38	0,00358541	
		2377,38	0,00359141	
		2378,38	0,00359741	
		2379,38	0,00360342	
		2380,38	0,00360943	
		2381,38	0,00361546	
		2382,38	0,00362149	
		2383,38	0,00362753	
		2384,38	0,00363357	
		2385,38	0,00363963	
		2386,38	0,00364569	
		2387,38	0,00365176	
		2388,38	0,00365783	
		2389,38	0,00366392	
		2390,38	0,00367001	
		2391,38	0,00367611	
		2392,38	0,00368222	
		2393,38	0,00368833	
		2394,38	0,00369445	
		2395,38	0,00370058	
		2396,38	0,00370672	
		2397,38	0,00371287	
		2398,38	0,00371902	
		2399,38	0,00372518	
		2400,38	0,00373135	
		2401,38	0,00373752	
		2402,38	0,0037437	
		2403,38	0,0037499	
		2404,38	0,00375609	
		2405,38	0,0037623	
		2406,38	0,00376851	
		2407,38	0,00377474	
		2408,38	0,00378096	
		2409,38	0,0037872	
		2410,38	0,00379345	
		2411,38	0,0037997	
		2412,38	0,00380596	
		2413,38	0,00381223	
		2414,38	0,0038185	
		2415,38	0,00382478	
		2416,38	0,00383107	
		2417,38	0,00383737	
		2418,38	0,00384368	
		2419,38	0,00384999	
		2420,38	0,00385631	
		2421,38	0,00386264	
		2422,38	0,00386898	
		2423,38	0,00387533	
		2424,38	0,00388168	
		2425,38	0,00388804	
		2426,38	0,00389441	
		2427,38	0,00390078	
		2428,38	0,00390717	
		2429,38	0,00391356	
		2430,38	0,00391996	
		2431,38	0,00392637	
		2432,38	0,00393278	
		2433,38	0,00393921	
		2434,38	0,00394564	
		2435,38	0,00395208	
		2436,38	0,00395852	
		2437,38	0,00396498	
		2438,38	0,00397144	
		2439,38	0,00397791	
		2440,38	0,00398439	
		2441,38	0,00399087	
		2442,38	0,00399737	
		2443,38	0,00400387	
		2444,38	0,00401038	
		2445,38	0,0040169	
		2446,38	0,00402342	
		2447,38	0,00402996	
		2448,38	0,0040365	
		2449,38	0,00404305	
		2450,38	0,00404961	
		2451,38	0,00405617	
		2452,38	0,00406274	
		2453,38	0,00406933	
		2454,38	0,00407591	
		2455,38	0,00408251	
		2456,38	0,00408912	
		2457,38	0,00409573	
		2458,38	0,00410235	
		2459,38	0,00410898	
		2460,38	0,00411562	
		2461,38	0,00412226	
		2462,38	0,00412892	
		2463,38	0,00413558	
		2464,38	0,00414225	
		2465,38	0,00414892	
		2466,38	0,00415561	
		2467,38	0,0041623	
		2468,38	0,004169	
		2469,38	0,00417571	
		2470,38	0,00418243	
		2471,38	0,00418916	
		2472,38	0,00419589	
		2473,38	0,00420263	
		2474,38	0,00420938	
		2475,38	0,00421614	
		2476,38	0,00422291	
		2477,38	0,00422968	
		2478,38	0,00423646	
		2479,38	0,00424326	
		2480,38	0,00425005	
		2481,38	0,00425686	
		2482,38	0,00426368	
		2483,38	0,0042705	
		2484,38	0,00427733	
		2485,38	0,00428417	
		2486,38	0,00429102	
		2487,38	0,00429787	
		2488,38	0,00430474	
		2489,38	0,00431161	
		2490,38	0,00431849	
		2491,38	0,00432538	
		2492,38	0,00433228	
		2493,38	0,00433918	
		2494,38	0,0043461	
		2495,38	0,00435302	
		2496,38	0,00435995	
		2497,38	0,00436689	
		2498,38	0,00437383	
		2499,38	0,00438079	
		2500,38	0,00438775	
		2501,38	0,00439472	
		2502,38	0,0044017	
		2503,38	0,00440869	
		2504,38	0,00441568	
		2505,38	0,00442269	
		2506,38	0,0044297	
		2507,38	0,00443672	
		2508,38	0,00444375	
		2509,38	0,00445079	
		2510,38	0,00445784	
		2511,38	0,00446489	
		2512,38	0,00447195	
		2513,38	0,00447902	
		2514,38	0,0044861	
		2515,38	0,00449319	
		2516,38	0,00450029	
		2517,38	0,00450739	
		2518,38	0,0045145	
		2519,38	0,00452163	
		2520,38	0,00452875	
		2521,38	0,00453589	
		2522,38	0,00454304	
		2523,38	0,00455019	
		2524,38	0,00455736	
		2525,38	0,00456453	
		2526,38	0,00457171	
		2527,38	0,0045789	
		2528,38	0,0045861	
		2529,38	0,0045933	
		2530,38	0,00460052	
		2531,38	0,00460774	
		2532,38	0,00461497	
		2533,38	0,00462221	
		2534,38	0,00462946	
		2535,38	0,00463671	
		2536,38	0,00464398	
		2537,38	0,00465125	
		2538,38	0,00465853	
		2539,38	0,00466582	
		2540,38	0,00467312	
		2541,38	0,00468043	
		2542,38	0,00468775	
		2543,38	0,00469507	
		2544,38	0,00470241	
		2545,38	0,00470975	
		2546,38	0,0047171	
		2547,38	0,00472446	
		2548,38	0,00473182	
		2549,38	0,0047392	
		2550,38	0,00474659	
		2551,38	0,00475398	
		2552,38	0,00476138	
		2553,38	0,00476879	
		2554,38	0,00477621	
		2555,38	0,00478364	
		2556,38	0,00479108	
		2557,38	0,00479852	
		2558,38	0,00480597	
		2559,38	0,00481344	
		2560,38	0,00482091	
		2561,38	0,00482839	
		2562,38	0,00483588	
		2563,38	0,00484337	
		2564,38	0,00485088	
		2565,38	0,00485839	
		2566,38	0,00486592	
		2567,38	0,00487345	
		2568,38	0,00488099	
		2569,38	0,00488854	
		2570,38	0,0048961	
		2571,38	0,00490366	
		2572,38	0,00491124	
		2573,38	0,00491882	
		2574,38	0,00492642	
		2575,38	0,00493402	
		2576,38	0,00494163	
		2577,38	0,00494925	
		2578,38	0,00495688	
		2579,38	0,00496451	
		2580,38	0,00497216	
		2581,38	0,00497982	
		2582,38	0,00498748	
		2583,38	0,00499515	
		2584,38	0,00500283	
		2585,38	0,00501052	
		2586,38	0,00501822	
		2587,38	0,00502593	
		2588,38	0,00503365	
		2589,38	0,00504137	
		2590,38	0,0050491	
		2591,38	0,00505685	
		2592,38	0,0050646	
		2593,38	0,00507236	
		2594,38	0,00508013	
		2595,38	0,00508791	
		2596,38	0,0050957	
		2597,38	0,00510349	
		2598,38	0,0051113	
		2599,38	0,00511911	
		2600,38	0,00512694	
		2601,38	0,00513477	
		2602,38	0,00514261	
		2603,38	0,00515046	
		2604,38	0,00515832	
		2605,38	0,00516619	
		2606,38	0,00517406	
		2607,38	0,00518195	
		2608,38	0,00518984	
		2609,38	0,00519775	
		2610,38	0,00520566	
		2611,38	0,00521358	
		2612,38	0,00522151	
		2613,38	0,00522945	
		2614,38	0,0052374	
		2615,38	0,00524536	
		2616,38	0,00525333	
		2617,38	0,00526131	
		2618,38	0,00526929	
		2619,38	0,00527728	
		2620,38	0,00528529	
		2621,38	0,0052933	
		2622,38	0,00530132	
		2623,38	0,00530935	
		2624,38	0,00531739	
		2625,38	0,00532544	
		2626,38	0,0053335	
		2627,38	0,00534157	
		2628,38	0,00534964	
		2629,38	0,00535773	
		2630,38	0,00536582	
		2631,38	0,00537393	
		2632,38	0,00538204	
		2633,38	0,00539016	
		2634,38	0,00539829	
		2635,38	0,00540643	
		2636,38	0,00541458	
		2637,38	0,00542274	
		2638,38	0,00543091	
		2639,38	0,00543908	
		2640,38	0,00544727	
		2641,38	0,00545547	
		2642,38	0,00546367	
		2643,38	0,00547189	
		2644,38	0,00548011	
		2645,38	0,00548834	
		2646,38	0,00549658	
		2647,38	0,00550483	
		2648,38	0,00551309	
		2649,38	0,00552136	
		2650,38	0,00552964	
		2651,38	0,00553793	
		2652,38	0,00554623	
		2653,38	0,00555453	
		2654,38	0,00556285	
		2655,38	0,00557117	
		2656,38	0,00557951	
		2657,38	0,00558785	
		2658,38	0,00559621	
		2659,38	0,00560457	
		2660,38	0,00561294	
		2661,38	0,00562132	
		2662,38	0,00562971	
		2663,38	0,00563811	
		2664,38	0,00564652	
		2665,38	0,00565494	
		2666,38	0,00566337	
		2667,38	0,0056718	
		2668,38	0,00568025	
		2669,38	0,00568871	
		2670,38	0,00569717	
		2671,38	0,00570565	
		2672,38	0,00571413	
		2673,38	0,00572263	
		2674,38	0,00573113	
		2675,38	0,00573964	
		2676,38	0,00574817	
		2677,38	0,0057567	
		2678,38	0,00576524	
		2679,38	0,00577379	
		2680,38	0,00578235	
		2681,38	0,00579092	
		2682,38	0,0057995	
		2683,38	0,00580809	
		2684,38	0,00581668	
		2685,38	0,00582529	
		2686,38	0,00583391	
		2687,38	0,00584254	
		2688,38	0,00585117	
		2689,38	0,00585982	
		2690,38	0,00586847	
		2691,38	0,00587714	
		2692,38	0,00588581	
		2693,38	0,0058945	
		2694,38	0,00590319	
		2695,38	0,00591189	
		2696,38	0,00592061	
		2697,38	0,00592933	
		2698,38	0,00593806	
		2699,38	0,0059468	
		2700,38	0,00595555	
		2701,38	0,00596432	
		2702,38	0,00597309	
		2703,38	0,00598187	
		2704,38	0,00599066	
		2705,38	0,00599946	
		2706,38	0,00600827	
		2707,38	0,00601708	
		2708,38	0,00602591	
		2709,38	0,00603475	
		2710,38	0,0060436	
		2711,38	0,00605246	
		2712,38	0,00606132	
		2713,38	0,0060702	
		2714,38	0,00607909	
		2715,38	0,00608798	
		2716,38	0,00609689	
		2717,38	0,00610581	
		2718,38	0,00611473	
		2719,38	0,00612367	
		2720,38	0,00613261	
		2721,38	0,00614157	
		2722,38	0,00615053	
		2723,38	0,00615951	
		2724,38	0,00616849	
		2725,38	0,00617749	
		2726,38	0,00618649	
		2727,38	0,0061955	
		2728,38	0,00620453	
		2729,38	0,00621356	
		2730,38	0,0062226	
		2731,38	0,00623166	
		2732,38	0,00624072	
		2733,38	0,00624979	
		2734,38	0,00625888	
		2735,38	0,00626797	
		2736,38	0,00627707	
		2737,38	0,00628618	
		2738,38	0,00629531	
		2739,38	0,00630444	
		2740,38	0,00631358	
		2741,38	0,00632273	
		2742,38	0,00633189	
		2743,38	0,00634107	
		2744,38	0,00635025	
		2745,38	0,00635944	
		2746,38	0,00636864	
		2747,38	0,00637785	
		2748,38	0,00638707	
		2749,38	0,00639631	
		2750,38	0,00640555	
		2751,38	0,0064148	
		2752,38	0,00642406	
		2753,38	0,00643333	
		2754,38	0,00644261	
		2755,38	0,0064519	
		2756,38	0,00646121	
		2757,38	0,00647052	
		2758,38	0,00647984	
		2759,38	0,00648917	
		2760,38	0,00649851	
		2761,38	0,00650786	
		2762,38	0,00651723	
		2763,38	0,0065266	
		2764,38	0,00653598	
		2765,38	0,00654537	
		2766,38	0,00655477	
		2767,38	0,00656419	
		2768,38	0,00657361	
		2769,38	0,00658304	
		2770,38	0,00659248	
		2771,38	0,00660194	
		2772,38	0,0066114	
		2773,38	0,00662087	
		2774,38	0,00663036	
		2775,38	0,00663985	
		2776,38	0,00664935	
		2777,38	0,00665887	
		2778,38	0,00666839	
		2779,38	0,00667792	
		2780,38	0,00668747	
		2781,38	0,00669702	
		2782,38	0,00670659	
		2783,38	0,00671616	
		2784,38	0,00672575	
		2785,38	0,00673534	
		2786,38	0,00674495	
		2787,38	0,00675456	
		2788,38	0,00676419	
		2789,38	0,00677383	
		2790,38	0,00678347	
		2791,38	0,00679313	
		2792,38	0,0068028	
		2793,38	0,00681247	
		2794,38	0,00682216	
		2795,38	0,00683186	
		2796,38	0,00684157	
		2797,38	0,00685129	
		2798,38	0,00686102	
		2799,38	0,00687076	
		2800,38	0,00688051	
		2801,38	0,00689027	
		2802,38	0,00690004	
		2803,38	0,00690982	
		2804,38	0,00691961	
		2805,38	0,00692941	
		2806,38	0,00693922	
		2807,38	0,00694904	
		2808,38	0,00695888	
		2809,38	0,00696872	
		2810,38	0,00697857	
		2811,38	0,00698844	
		2812,38	0,00699831	
		2813,38	0,00700819	
		2814,38	0,00701809	
		2815,38	0,007028	
		2816,38	0,00703791	
		2817,38	0,00704784	
		2818,38	0,00705778	
		2819,38	0,00706772	
		2820,38	0,00707768	
		2821,38	0,00708765	
		2822,38	0,00709763	
		2823,38	0,00710762	
		2824,38	0,00711762	
		2825,38	0,00712763	
		2826,38	0,00713765	
		2827,38	0,00714768	
		2828,38	0,00715772	
		2829,38	0,00716777	
		2830,38	0,00717784	
		2831,38	0,00718791	
		2832,38	0,007198	
		2833,38	0,00720809	
		2834,38	0,0072182	
		2835,38	0,00722831	
		2836,38	0,00723844	
		2837,38	0,00724858	
		2838,38	0,00725872	
		2839,38	0,00726888	
		2840,38	0,00727905	
		2841,38	0,00728923	
		2842,38	0,00729942	
		2843,38	0,00730962	
		2844,38	0,00731984	
		2845,38	0,00733006	
		2846,38	0,00734029	
		2847,38	0,00735054	
		2848,38	0,00736079	
		2849,38	0,00737105	
		2850,38	0,00738133	
		2851,38	0,00739162	
		2852,38	0,00740191	
		2853,38	0,00741222	
		2854,38	0,00742254	
		2855,38	0,00743287	
		2856,38	0,00744321	
		2857,38	0,00745356	
		2858,38	0,00746392	
		2859,38	0,0074743	
		2860,38	0,00748468	
		2861,38	0,00749507	
		2862,38	0,00750548	
		2863,38	0,0075159	
		2864,38	0,00752632	
		2865,38	0,00753676	
		2866,38	0,00754721	
		2867,38	0,00755767	
		2868,38	0,00756814	
		2869,38	0,00757862	
		2870,38	0,00758911	
		2871,38	0,00759961	
		2872,38	0,00761012	
		2873,38	0,00762065	
		2874,38	0,00763118	
		2875,38	0,00764173	
		2876,38	0,00765229	
		2877,38	0,00766285	
		2878,38	0,00767343	
		2879,38	0,00768402	
		2880,38	0,00769462	
		2881,38	0,00770524	
		2882,38	0,00771586	
		2883,38	0,00772649	
		2884,38	0,00773714	
		2885,38	0,00774779	
		2886,38	0,00775846	
		2887,38	0,00776913	
		2888,38	0,00777982	
		2889,38	0,00779052	
		2890,38	0,00780123	
		2891,38	0,00781195	
		2892,38	0,00782269	
		2893,38	0,00783343	
		2894,38	0,00784418	
		2895,38	0,00785495	
		2896,38	0,00786572	
		2897,38	0,00787651	
		2898,38	0,00788731	
		2899,38	0,00789812	
		2900,38	0,00790894	
		2901,38	0,00791977	
		2902,38	0,00793062	
		2903,38	0,00794147	
		2904,38	0,00795234	
		2905,38	0,00796321	
		2906,38	0,0079741	
		2907,38	0,007985	
		2908,38	0,00799591	
		2909,38	0,00800683	
		2910,38	0,00801776	
		2911,38	0,0080287	
		2912,38	0,00803966	
		2913,38	0,00805062	
		2914,38	0,0080616	
		2915,38	0,00807259	
		2916,38	0,00808359	
		2917,38	0,0080946	
		2918,38	0,00810562	
		2919,38	0,00811665	
		2920,38	0,00812769	
		2921,38	0,00813875	
		2922,38	0,00814982	
		2923,38	0,00816089	
		2924,38	0,00817198	
		2925,38	0,00818308	
		2926,38	0,00819419	
		2927,38	0,00820532	
		2928,38	0,00821645	
		2929,38	0,0082276	
		2930,38	0,00823875	
		2931,38	0,00824992	
		2932,38	0,0082611	
		2933,38	0,00827229	
		2934,38	0,00828349	
		2935,38	0,00829471	
		2936,38	0,00830593	
		2937,38	0,00831717	
		2938,38	0,00832841	
		2939,38	0,00833967	
		2940,38	0,00835094	
		2941,38	0,00836222	
		2942,38	0,00837352	
		2943,38	0,00838482	
		2944,38	0,00839614	
		2945,38	0,00840746	
		2946,38	0,0084188	
		2947,38	0,00843015	
		2948,38	0,00844151	
		2949,38	0,00845289	
		2950,38	0,00846427	
		2951,38	0,00847567	
		2952,38	0,00848707	
		2953,38	0,00849849	
		2954,38	0,00850992	
		2955,38	0,00852136	
		2956,38	0,00853282	
		2957,38	0,00854428	
		2958,38	0,00855576	
		2959,38	0,00856725	
		2960,38	0,00857875	
		2961,38	0,00859026	
		2962,38	0,00860178	
		2963,38	0,00861331	
		2964,38	0,00862486	
		2965,38	0,00863642	
		2966,38	0,00864798	
		2967,38	0,00865957	
		2968,38	0,00867116	
		2969,38	0,00868276	
		2970,38	0,00869438	
		2971,38	0,008706	
		2972,38	0,00871764	
		2973,38	0,00872929	
		2974,38	0,00874095	
		2975,38	0,00875263	
		2976,38	0,00876431	
		2977,38	0,00877601	
		2978,38	0,00878772	
		2979,38	0,00879944	
		2980,38	0,00881117	
		2981,38	0,00882291	
		2982,38	0,00883467	
		2983,38	0,00884643	
		2984,38	0,00885821	
		2985,38	0,00887	
		2986,38	0,0088818	
		2987,38	0,00889362	
		2988,38	0,00890544	
		2989,38	0,00891728	
		2990,38	0,00892913	
		2991,38	0,00894099	
		2992,38	0,00895286	
		2993,38	0,00896475	
		2994,38	0,00897664	
		2995,38	0,00898855	
		2996,38	0,00900047	
		2997,38	0,0090124	
		2998,38	0,00902435	
		2999,38	0,0090363	
		3000,38	0,00904827	
		3001,38	0,00906025	
		3002,38	0,00907224	
		3003,38	0,00908424	
		3004,38	0,00909625	
		3005,38	0,00910828	
		3006,38	0,00912032	
		3007,38	0,00913237	
		3008,38	0,00914443	
		3009,38	0,00915651	
		3010,38	0,00916859	
		3011,38	0,00918069	
		3012,38	0,0091928	
		3013,38	0,00920492	
		3014,38	0,00921706	
		3015,38	0,0092292	
		3016,38	0,00924136	
		3017,38	0,00925353	
		3018,38	0,00926571	
		3019,38	0,0092779	
		3020,38	0,00929011	
		3021,38	0,00930233	
		3022,38	0,00931456	
		3023,38	0,0093268	
		3024,38	0,00933905	
		3025,38	0,00935132	
		3026,38	0,0093636	
		3027,38	0,00937589	
		3028,38	0,00938819	
		3029,38	0,0094005	
		3030,38	0,00941283	
		3031,38	0,00942517	
		3032,38	0,00943752	
		3033,38	0,00944988	
		3034,38	0,00946225	
		3035,38	0,00947464	
		3036,38	0,00948704	
		3037,38	0,00949945	
		3038,38	0,00951187	
		3039,38	0,00952431	
		3040,38	0,00953675	
		3041,38	0,00954921	
		3042,38	0,00956169	
		3043,38	0,00957417	
		3044,38	0,00958667	
		3045,38	0,00959917	
		3046,38	0,00961169	
		3047,38	0,00962423	
		3048,38	0,00963677	
		3049,38	0,00964933	
		3050,38	0,0096619	
		3051,38	0,00967448	
		3052,38	0,00968707	
		3053,38	0,00969968	
		3054,38	0,0097123	
		3055,38	0,00972493	
		3056,38	0,00973757	
		3057,38	0,00975023	
		3058,38	0,00976289	
		3059,38	0,00977557	
		3060,38	0,00978827	
		3061,38	0,00980097	
		3062,38	0,00981369	
		3063,38	0,00982642	
		3064,38	0,00983916	
		3065,38	0,00985191	
		3066,38	0,00986468	
		3067,38	0,00987746	
		3068,38	0,00989025	
		3069,38	0,00990305	
		3070,38	0,00991587	
		3071,38	0,00992869	
		3072,38	0,00994154	
		3073,38	0,00995439	
		3074,38	0,00996725	
		3075,38	0,00998013	
		3076,38	0,00999302	
		3077,38	0,0100059	
		3078,38	0,0100188	
		3079,38	0,0100318	
		3080,38	0,0100447	
		3081,38	0,0100577	
		3082,38	0,0100706	
		3083,38	0,0100836	
		3084,38	0,0100966	
		3085,38	0,0101096	
		3086,38	0,0101226	
		3087,38	0,0101356	
		3088,38	0,0101487	
		3089,38	0,0101617	
		3090,38	0,0101748	
		3091,38	0,0101879	
		3092,38	0,010201	
		3093,38	0,0102141	
		3094,38	0,0102272	
		3095,38	0,0102403	
		3096,38	0,0102535	
		3097,38	0,0102666	
		3098,38	0,0102798	
		3099,38	0,010293	
		3100,38	0,0103061	
		3101,38	0,0103193	
		3102,38	0,0103326	
		3103,38	0,0103458	
		3104,38	0,010359	
		3105,38	0,0103723	
		3106,38	0,0103856	
		3107,38	0,0103988	
		3108,38	0,0104121	
		3109,38	0,0104254	
		3110,38	0,0104388	
		3111,38	0,0104521	
		3112,38	0,0104654	
		3113,38	0,0104788	
		3114,38	0,0104922	
		3115,38	0,0105055	
		3116,38	0,0105189	
		3117,38	0,0105323	
		3118,38	0,0105458	
		3119,38	0,0105592	
		3120,38	0,0105726	
		3121,38	0,0105861	
		3122,38	0,0105996	
		3123,38	0,010613	
		3124,38	0,0106265	
		3125,38	0,0106401	
		3126,38	0,0106536	
		3127,38	0,0106671	
		3128,38	0,0106807	
		3129,38	0,0106942	
		3130,38	0,0107078	
		3131,38	0,0107214	
		3132,38	0,010735	
		3133,38	0,0107486	
		3134,38	0,0107622	
		3135,38	0,0107759	
		3136,38	0,0107895	
		3137,38	0,0108032	
		3138,38	0,0108169	
		3139,38	0,0108305	
		3140,38	0,0108442	
		3141,38	0,010858	
		3142,38	0,0108717	
		3143,38	0,0108854	
		3144,38	0,0108992	
		3145,38	0,010913	
		3146,38	0,0109267	
		3147,38	0,0109405	
		3148,38	0,0109543	
		3149,38	0,0109682	
		3150,38	0,010982	
		3151,38	0,0109958	
		3152,38	0,0110097	
		3153,38	0,0110236	
		3154,38	0,0110375	
		3155,38	0,0110514	
		3156,38	0,0110653	
		3157,38	0,0110792	
		3158,38	0,0110931	
		3159,38	0,0111071	
		3160,38	0,011121	
		3161,38	0,011135	
		3162,38	0,011149	
		3163,38	0,011163	
		3164,38	0,011177	
		3165,38	0,0111911	
		3166,38	0,0112051	
		3167,38	0,0112192	
		3168,38	0,0112332	
		3169,38	0,0112473	
		3170,38	0,0112614	
		3171,38	0,0112755	
		3172,38	0,0112896	
		3173,38	0,0113038	
		3174,38	0,0113179	
		3175,38	0,0113321	
		3176,38	0,0113463	
		3177,38	0,0113605	
		3178,38	0,0113747	
		3179,38	0,0113889	
		3180,38	0,0114031	
		3181,38	0,0114173	
		3182,38	0,0114316	
		3183,38	0,0114459	
		3184,38	0,0114601	
		3185,38	0,0114744	
		3186,38	0,0114888	
		3187,38	0,0115031	
		3188,38	0,0115174	
		3189,38	0,0115318	
		3190,38	0,0115461	
		3191,38	0,0115605	
		3192,38	0,0115749	
		3193,38	0,0115893	
		3194,38	0,0116037	
		3195,38	0,0116181	
		3196,38	0,0116326	
		3197,38	0,011647	
		3198,38	0,0116615	
		3199,38	0,011676	
		3200,38	0,0116905	
		3201,38	0,011705	
		3202,38	0,0117195	
		3203,38	0,011734	
		3204,38	0,0117486	
		3205,38	0,0117632	
		3206,38	0,0117777	
		3207,38	0,0117923	
		3208,38	0,0118069	
		3209,38	0,0118215	
		3210,38	0,0118362	
		3211,38	0,0118508	
		3212,38	0,0118655	
		3213,38	0,0118801	
		3214,38	0,0118948	
		3215,38	0,0119095	
		3216,38	0,0119242	
		3217,38	0,011939	
		3218,38	0,0119537	
		3219,38	0,0119685	
		3220,38	0,0119832	
		3221,38	0,011998	
		3222,38	0,0120128	
		3223,38	0,0120276	
		3224,38	0,0120424	
		3225,38	0,0120573	
		3226,38	0,0120721	
		3227,38	0,012087	
		3228,38	0,0121019	
		3229,38	0,0121167	
		3230,38	0,0121316	
		3231,38	0,0121466	
		3232,38	0,0121615	
		3233,38	0,0121764	
		3234,38	0,0121914	
		3235,38	0,0122064	
		3236,38	0,0122214	
		3237,38	0,0122364	
		3238,38	0,0122514	
		3239,38	0,0122664	
		3240,38	0,0122814	
		3241,38	0,0122965	
		3242,38	0,0123116	
		3243,38	0,0123266	
		3244,38	0,0123417	
		3245,38	0,0123568	
		3246,38	0,012372	
		3247,38	0,0123871	
		3248,38	0,0124023	
		3249,38	0,0124174	
		3250,38	0,0124326	
		3251,38	0,0124478	
		3252,38	0,012463	
		3253,38	0,0124782	
		3254,38	0,0124935	
		3255,38	0,0125087	
		3256,38	0,012524	
		3257,38	0,0125392	
		3258,38	0,0125545	
		3259,38	0,0125698	
		3260,38	0,0125852	
		3261,38	0,0126005	
		3262,38	0,0126158	
		3263,38	0,0126312	
		3264,38	0,0126466	
		3265,38	0,012662	
		3266,38	0,0126774	
		3267,38	0,0126928	
		3268,38	0,0127082	
		3269,38	0,0127236	
		3270,38	0,0127391	
		3271,38	0,0127546	
		3272,38	0,0127701	
		3273,38	0,0127856	
		3274,38	0,0128011	
		3275,38	0,0128166	
		3276,38	0,0128322	
		3277,38	0,0128477	
		3278,38	0,0128633	
		3279,38	0,0128789	
		3280,38	0,0128945	
		3281,38	0,0129101	
		3282,38	0,0129257	
		3283,38	0,0129413	
		3284,38	0,012957	
		3285,38	0,0129727	
		3286,38	0,0129884	
		3287,38	0,0130041	
		3288,38	0,0130198	
		3289,38	0,0130355	
		3290,38	0,0130512	
		3291,38	0,013067	
		3292,38	0,0130828	
		3293,38	0,0130985	
		3294,38	0,0131143	
		3295,38	0,0131301	
		3296,38	0,013146	
		3297,38	0,0131618	
		3298,38	0,0131777	
		3299,38	0,0131935	
		3300,38	0,0132094	
		3301,38	0,0132253	
		3302,38	0,0132412	
		3303,38	0,0132572	
		3304,38	0,0132731	
		3305,38	0,0132891	
		3306,38	0,013305	
		3307,38	0,013321	
		3308,38	0,013337	
		3309,38	0,013353	
		3310,38	0,013369	
		3311,38	0,0133851	
		3312,38	0,0134011	
		3313,38	0,0134172	
		3314,38	0,0134333	
		3315,38	0,0134494	
		3316,38	0,0134655	
		3317,38	0,0134816	
		3318,38	0,0134978	
		3319,38	0,0135139	
		3320,38	0,0135301	
		3321,38	0,0135463	
		3322,38	0,0135625	
		3323,38	0,0135787	
		3324,38	0,0135949	
		3325,38	0,0136112	
		3326,38	0,0136274	
		3327,38	0,0136437	
		3328,38	0,01366	
		3329,38	0,0136763	
		3330,38	0,0136926	
		3331,38	0,0137089	
		3332,38	0,0137253	
		3333,38	0,0137416	
		3334,38	0,013758	
		3335,38	0,0137744	
		3336,38	0,0137908	
		3337,38	0,0138072	
		3338,38	0,0138237	
		3339,38	0,0138401	
		3340,38	0,0138566	
		3341,38	0,013873	
		3342,38	0,0138895	
		3343,38	0,013906	
		3344,38	0,0139226	
		3345,38	0,0139391	
		3346,38	0,0139556	
		3347,38	0,0139722	
		3348,38	0,0139888	
		3349,38	0,0140054	
		3350,38	0,014022	
		3351,38	0,0140386	
		3352,38	0,0140553	
		3353,38	0,0140719	
		3354,38	0,0140886	
		3355,38	0,0141053	
		3356,38	0,014122	
		3357,38	0,0141387	
		3358,38	0,0141554	
		3359,38	0,0141721	
		3360,38	0,0141889	
		3361,38	0,0142057	
		3362,38	0,0142225	
		3363,38	0,0142393	
		3364,38	0,0142561	
		3365,38	0,0142729	
		3366,38	0,0142897	
		3367,38	0,0143066	
		3368,38	0,0143235	
		3369,38	0,0143404	
		3370,38	0,0143573	
		3371,38	0,0143742	
		3372,38	0,0143911	
		3373,38	0,0144081	
		3374,38	0,014425	
		3375,38	0,014442	
		3376,38	0,014459	
		3377,38	0,014476	
		3378,38	0,0144931	
		3379,38	0,0145101	
		3380,38	0,0145271	
		3381,38	0,0145442	
		3382,38	0,0145613	
		3383,38	0,0145784	
		3384,38	0,0145955	
		3385,38	0,0146126	
		3386,38	0,0146298	
		3387,38	0,014647	
		3388,38	0,0146641	
		3389,38	0,0146813	
		3390,38	0,0146985	
		3391,38	0,0147157	
		3392,38	0,014733	
		3393,38	0,0147502	
		3394,38	0,0147675	
		3395,38	0,0147848	
		3396,38	0,0148021	
		3397,38	0,0148194	
		3398,38	0,0148367	
		3399,38	0,014854	
		3400,38	0,0148714	
		3401,38	0,0148888	
		3402,38	0,0149062	
		3403,38	0,0149236	
		3404,38	0,014941	
		3405,38	0,0149584	
		3406,38	0,0149759	
		3407,38	0,0149933	
		3408,38	0,0150108	
		3409,38	0,0150283	
		3410,38	0,0150458	
		3411,38	0,0150633	
		3412,38	0,0150809	
		3413,38	0,0150984	
		3414,38	0,015116	
		3415,38	0,0151336	
		3416,38	0,0151512	
		3417,38	0,0151688	
		3418,38	0,0151864	
		3419,38	0,0152041	
		3420,38	0,0152217	
		3421,38	0,0152394	
		3422,38	0,0152571	
		3423,38	0,0152748	
		3424,38	0,0152925	
		3425,38	0,0153103	
		3426,38	0,015328	
		3427,38	0,0153458	
		3428,38	0,0153636	
		3429,38	0,0153814	
		3430,38	0,0153992	
		3431,38	0,015417	
		3432,38	0,0154348	
		3433,38	0,0154527	
		3434,38	0,0154706	
		3435,38	0,0154885	
		3436,38	0,0155064	
		3437,38	0,0155243	
		3438,38	0,0155422	
		3439,38	0,0155602	
		3440,38	0,0155782	
		3441,38	0,0155962	
		3442,38	0,0156142	
		3443,38	0,0156322	
		3444,38	0,0156502	
		3445,38	0,0156683	
		3446,38	0,0156863	
		3447,38	0,0157044	
		3448,38	0,0157225	
		3449,38	0,0157406	
		3450,38	0,0157587	
		3451,38	0,0157769	
		3452,38	0,015795	
		3453,38	0,0158132	
		3454,38	0,0158314	
		3455,38	0,0158496	
		3456,38	0,0158678	
		3457,38	0,015886	
		3458,38	0,0159043	
		3459,38	0,0159226	
